0.0014,
0.0137,
0.0129,
0.015,
0.0181,
0.0203,
0.0247,
0.0288,
0.0332,
0.0422,
0.0566,
0.0699,
0.0922,
0.1201,
0.2387,
0.487,
0.62,
0.7159,
0.7701,
0.9112,
1.0268,
1.0351,
1.1678,
1.3452,
1.4609,
1.5283,
1.5786,
1.6169,
1.6484,
1.6755,
1.6923,
1.7088,
1.7187,
1.7195,
1.7201,
1.7161,
1.7147,
1.7106,
1.7059,
1.7003,
1.7019,
1.7025,
1.7012,
1.7075,
1.7114,
1.7144,
1.7142,
1.7137,
1.7164,
1.7194,
1.718,
1.7214,
0.0061,
0.0073,
0.0076,
0.0085,
0.01,
0.0112,
0.0125,
0.0137,
0.0167,
0.0213,
0.0277,
0.0343,
0.045,
0.0705,
0.1289,
0.1898,
0.2839,
0.3909,
0.6298,
0.7648,
0.892,
1.0327,
1.1456,
1.2962,
1.4307,
1.515,
1.5718,
1.6143,
1.6535,
1.6809,
1.6994,
1.7181,
1.724,
1.7201,
1.7118,
1.7076,
1.7122,
1.712,
1.7082,
1.7098,
1.7102,
1.7086,
1.7102,
1.7135,
1.7121,
1.7157,
1.7202,
1.7211,
1.7216,
1.7236,
1.7241,
1.7272,
0.0014,
0.0139,
0.0135,
0.0161,
0.0193,
0.0214,
0.0254,
0.0276,
0.0343,
0.0405,
0.0503,
0.0622,
0.0799,
0.1062,
0.149,
0.3556,
0.4672,
0.5504,
0.6257,
0.7284,
0.8346,
1.0024,
1.1608,
1.2714,
1.3661,
1.4373,
1.4973,
1.5394,
1.5743,
1.6001,
1.631,
1.6584,
1.6765,
1.6854,
1.6931,
1.6971,
1.7022,
1.7015,
1.7009,
1.6974,
1.6972,
1.6996,
1.6949,
1.6998,
1.6975,
1.6918,
1.6934,
1.6937,
1.6929,
1.6936,
1.6826,
1.6649,
0.0023,
0.0155,
0.0137,
0.0153,
0.0184,
0.0202,
0.0248,
0.0301,
0.0345,
0.0423,
0.0515,
0.0667,
0.0885,
0.1655,
0.3569,
0.4742,
0.5614,
0.5697,
0.6099,
0.8077,
0.9953,
0.9847,
1.1091,
1.3064,
1.4301,
1.5219,
1.5803,
1.6172,
1.647,
1.6727,
1.6952,
1.7065,
1.7119,
1.7128,
1.7117,
1.7102,
1.7107,
1.7071,
1.7019,
1.6984,
1.6982,
1.6972,
1.6934,
1.6948,
1.6969,
1.697,
1.6997,
1.7025,
1.7071,
1.7111,
1.7135,
1.7132,
0.0031,
0.0131,
0.0123,
0.013,
0.0171,
0.0138,
0.0288,
0.047,
0.0735,
0.1339,
0.1395,
0.192,
0.2092,
0.2559,
0.2778,
0.363,
0.4502,
0.5203,
0.5962,
0.9227,
1.1585,
1.293,
1.4419,
1.5383,
1.5998,
1.628,
1.6691,
1.6946,
1.7178,
1.7285,
1.7367,
1.7359,
1.7346,
1.7388,
1.728,
1.7285,
1.7291,
1.7198,
1.721,
1.7303,
1.7287,
1.7239,
1.7148,
1.7211,
1.7149,
1.7108,
1.7097,
1.7037,
1.6988,
1.6941,
1.6938,
1.6897,
0.0014,
0.0139,
0.0135,
0.0161,
0.0193,
0.0214,
0.0254,
0.0276,
0.0343,
0.0405,
0.0503,
0.0622,
0.0799,
0.1062,
0.149,
0.3556,
0.4672,
0.5504,
0.6257,
0.7284,
0.8346,
1.0024,
1.1608,
1.2714,
1.3661,
1.4373,
1.4973,
1.5394,
1.5743,
1.6001,
1.631,
1.6584,
1.6765,
1.6854,
1.6931,
1.6971,
1.7022,
1.7015,
1.7009,
1.6974,
1.6972,
1.6996,
1.6949,
1.6998,
1.6975,
1.6918,
1.6934,
1.6937,
1.6929,
1.6936,
1.6826,
1.6649,
0.0014,
0.0137,
0.0129,
0.015,
0.0181,
0.0203,
0.0247,
0.0288,
0.0332,
0.0422,
0.0566,
0.0699,
0.0922,
0.1201,
0.2387,
0.487,
0.62,
0.7159,
0.7701,
0.9112,
1.0268,
1.0351,
1.1678,
1.3452,
1.4609,
1.5283,
1.5786,
1.6169,
1.6484,
1.6755,
1.6923,
1.7088,
1.7187,
1.7195,
1.7201,
1.7161,
1.7147,
1.7106,
1.7059,
1.7003,
1.7019,
1.7025,
1.7012,
1.7075,
1.7114,
1.7144,
1.7142,
1.7137,
1.7164,
1.7194,
1.718,
1.7214,
0.0061,
0.0073,
0.0076,
0.0085,
0.01,
0.0112,
0.0125,
0.0137,
0.0167,
0.0213,
0.0277,
0.0343,
0.045,
0.0705,
0.1289,
0.1898,
0.2839,
0.3909,
0.6298,
0.7648,
0.892,
1.0327,
1.1456,
1.2962,
1.4307,
1.515,
1.5718,
1.6143,
1.6535,
1.6809,
1.6994,
1.7181,
1.724,
1.7201,
1.7118,
1.7076,
1.7122,
1.712,
1.7082,
1.7098,
1.7102,
1.7086,
1.7102,
1.7135,
1.7121,
1.7157,
1.7202,
1.7211,
1.7216,
1.7236,
1.7241,
1.7272,
0.0018,
0.012,
0.011,
0.0127,
0.0156,
0.0186,
0.0223,
0.0253,
0.0301,
0.0375,
0.0478,
0.0638,
0.0813,
0.179,
0.3216,
0.4336,
0.546,
0.5456,
0.649,
0.809,
1.002,
1.1146,
1.1742,
1.3127,
1.4614,
1.5541,
1.6123,
1.6509,
1.6824,
1.7026,
1.718,
1.7285,
1.735,
1.734,
1.7331,
1.7298,
1.7295,
1.7279,
1.7241,
1.7265,
1.7318,
1.7373,
1.7414,
1.7442,
1.7451,
1.746,
1.7472,
1.7539,
1.7534,
1.7579,
1.7562,
1.7598,
0.0023,
0.0155,
0.0137,
0.0153,
0.0184,
0.0202,
0.0248,
0.0301,
0.0345,
0.0423,
0.0515,
0.0667,
0.0885,
0.1655,
0.3569,
0.4742,
0.5614,
0.5697,
0.6099,
0.8077,
0.9953,
0.9847,
1.1091,
1.3064,
1.4301,
1.5219,
1.5803,
1.6172,
1.647,
1.6727,
1.6952,
1.7065,
1.7119,
1.7128,
1.7117,
1.7102,
1.7107,
1.7071,
1.7019,
1.6984,
1.6982,
1.6972,
1.6934,
1.6948,
1.6969,
1.697,
1.6997,
1.7025,
1.7071,
1.7111,
1.7135,
1.7132,
0.0014,
0.0139,
0.0135,
0.0161,
0.0193,
0.0214,
0.0254,
0.0276,
0.0343,
0.0405,
0.0503,
0.0622,
0.0799,
0.1062,
0.149,
0.3556,
0.4672,
0.5504,
0.6257,
0.7284,
0.8346,
1.0024,
1.1608,
1.2714,
1.3661,
1.4373,
1.4973,
1.5394,
1.5743,
1.6001,
1.631,
1.6584,
1.6765,
1.6854,
1.6931,
1.6971,
1.7022,
1.7015,
1.7009,
1.6974,
1.6972,
1.6996,
1.6949,
1.6998,
1.6975,
1.6918,
1.6934,
1.6937,
1.6929,
1.6936,
1.6826,
1.6649,
0.0014,
0.0137,
0.0129,
0.015,
0.0181,
0.0203,
0.0247,
0.0288,
0.0332,
0.0422,
0.0566,
0.0699,
0.0922,
0.1201,
0.2387,
0.487,
0.62,
0.7159,
0.7701,
0.9112,
1.0268,
1.0351,
1.1678,
1.3452,
1.4609,
1.5283,
1.5786,
1.6169,
1.6484,
1.6755,
1.6923,
1.7088,
1.7187,
1.7195,
1.7201,
1.7161,
1.7147,
1.7106,
1.7059,
1.7003,
1.7019,
1.7025,
1.7012,
1.7075,
1.7114,
1.7144,
1.7142,
1.7137,
1.7164,
1.7194,
1.718,
1.7214,
0.0061,
0.0073,
0.0076,
0.0085,
0.01,
0.0112,
0.0125,
0.0137,
0.0167,
0.0213,
0.0277,
0.0343,
0.045,
0.0705,
0.1289,
0.1898,
0.2839,
0.3909,
0.6298,
0.7648,
0.892,
1.0327,
1.1456,
1.2962,
1.4307,
1.515,
1.5718,
1.6143,
1.6535,
1.6809,
1.6994,
1.7181,
1.724,
1.7201,
1.7118,
1.7076,
1.7122,
1.712,
1.7082,
1.7098,
1.7102,
1.7086,
1.7102,
1.7135,
1.7121,
1.7157,
1.7202,
1.7211,
1.7216,
1.7236,
1.7241,
1.7272,
0.0018,
0.012,
0.011,
0.0127,
0.0156,
0.0186,
0.0223,
0.0253,
0.0301,
0.0375,
0.0478,
0.0638,
0.0813,
0.179,
0.3216,
0.4336,
0.546,
0.5456,
0.649,
0.809,
1.002,
1.1146,
1.1742,
1.3127,
1.4614,
1.5541,
1.6123,
1.6509,
1.6824,
1.7026,
1.718,
1.7285,
1.735,
1.734,
1.7331,
1.7298,
1.7295,
1.7279,
1.7241,
1.7265,
1.7318,
1.7373,
1.7414,
1.7442,
1.7451,
1.746,
1.7472,
1.7539,
1.7534,
1.7579,
1.7562,
1.7598,
0.0023,
0.0074,
0.0089,
0.0096,
0.0134,
0.0148,
0.0177,
0.019,
0.0224,
0.0272,
0.0336,
0.0422,
0.0542,
0.0728,
0.0966,
0.1318,
0.3561,
0.4232,
0.4965,
0.5757,
0.8079,
0.9843,
1.1298,
1.212,
1.3589,
1.466,
1.5102,
1.5619,
1.6086,
1.6346,
1.6575,
1.684,
1.696,
1.7071,
1.7107,
1.7118,
1.7097,
1.7065,
1.6975,
1.6936,
1.696,
1.6965,
1.6968,
1.7039,
1.7067,
1.7083,
1.7102,
1.713,
1.714,
1.7156,
1.7178,
1.7176,
0.0023,
0.0155,
0.0137,
0.0153,
0.0184,
0.0202,
0.0248,
0.0301,
0.0345,
0.0423,
0.0515,
0.0667,
0.0885,
0.1655,
0.3569,
0.4742,
0.5614,
0.5697,
0.6099,
0.8077,
0.9953,
0.9847,
1.1091,
1.3064,
1.4301,
1.5219,
1.5803,
1.6172,
1.647,
1.6727,
1.6952,
1.7065,
1.7119,
1.7128,
1.7117,
1.7102,
1.7107,
1.7071,
1.7019,
1.6984,
1.6982,
1.6972,
1.6934,
1.6948,
1.6969,
1.697,
1.6997,
1.7025,
1.7071,
1.7111,
1.7135,
1.7132,
0.0014,
0.0137,
0.0129,
0.015,
0.0181,
0.0203,
0.0247,
0.0288,
0.0332,
0.0422,
0.0566,
0.0699,
0.0922,
0.1201,
0.2387,
0.487,
0.62,
0.7159,
0.7701,
0.9112,
1.0268,
1.0351,
1.1678,
1.3452,
1.4609,
1.5283,
1.5786,
1.6169,
1.6484,
1.6755,
1.6923,
1.7088,
1.7187,
1.7195,
1.7201,
1.7161,
1.7147,
1.7106,
1.7059,
1.7003,
1.7019,
1.7025,
1.7012,
1.7075,
1.7114,
1.7144,
1.7142,
1.7137,
1.7164,
1.7194,
1.718,
1.7214,
0.0061,
0.0073,
0.0076,
0.0085,
0.01,
0.0112,
0.0125,
0.0137,
0.0167,
0.0213,
0.0277,
0.0343,
0.045,
0.0705,
0.1289,
0.1898,
0.2839,
0.3909,
0.6298,
0.7648,
0.892,
1.0327,
1.1456,
1.2962,
1.4307,
1.515,
1.5718,
1.6143,
1.6535,
1.6809,
1.6994,
1.7181,
1.724,
1.7201,
1.7118,
1.7076,
1.7122,
1.712,
1.7082,
1.7098,
1.7102,
1.7086,
1.7102,
1.7135,
1.7121,
1.7157,
1.7202,
1.7211,
1.7216,
1.7236,
1.7241,
1.7272,
0.0015,
0.0082,
0.0098,
0.0109,
0.0147,
0.0159,
0.0193,
0.0221,
0.0272,
0.0338,
0.0393,
0.0517,
0.0665,
0.0834,
0.1818,
0.3881,
0.45,
0.5883,
0.7144,
0.7905,
0.8658,
0.8863,
1.1683,
1.222,
1.3739,
1.4631,
1.5237,
1.57,
1.6123,
1.6461,
1.6759,
1.7,
1.7102,
1.7136,
1.7138,
1.7123,
1.7112,
1.7113,
1.7043,
1.6986,
1.699,
1.6976,
1.6923,
1.689,
1.6889,
1.6853,
1.682,
1.6834,
1.6853,
1.6859,
1.6856,
1.6875,
0.0023,
0.0155,
0.0137,
0.0153,
0.0184,
0.0202,
0.0248,
0.0301,
0.0345,
0.0423,
0.0515,
0.0667,
0.0885,
0.1655,
0.3569,
0.4742,
0.5614,
0.5697,
0.6099,
0.8077,
0.9953,
0.9847,
1.1091,
1.3064,
1.4301,
1.5219,
1.5803,
1.6172,
1.647,
1.6727,
1.6952,
1.7065,
1.7119,
1.7128,
1.7117,
1.7102,
1.7107,
1.7071,
1.7019,
1.6984,
1.6982,
1.6972,
1.6934,
1.6948,
1.6969,
1.697,
1.6997,
1.7025,
1.7071,
1.7111,
1.7135,
1.7132,